t, days	M, rad	E, rad	Phi, rad	
0	0	0	0
1	0.00914599	0.010088	0.0110786
2	0.018292	0.0201761	0.0221572
3	0.027438	0.0302639	0.0332351
4	0.036584	0.0403514	0.0443124
5	0.04573	0.0504385	0.0553888
6	0.0548759	0.060525	0.066464
7	0.0640219	0.0706109	0.0775378
8	0.0731679	0.0806961	0.08861
9	0.0823139	0.0907806	0.0996806
10	0.0914599	0.100864	0.110749
11	0.100606	0.110946	0.121815
12	0.109752	0.121027	0.132878
13	0.118898	0.131107	0.143939
14	0.128044	0.141186	0.154997
15	0.13719	0.151263	0.166051
16	0.146336	0.161339	0.177102
17	0.155482	0.171412	0.188149
18	0.164628	0.181484	0.199193
19	0.173774	0.191555	0.210232
20	0.18292	0.201623	0.221267
21	0.192066	0.211689	0.232297
22	0.201212	0.221753	0.243323
23	0.210358	0.231814	0.254343
24	0.219504	0.241874	0.265359
25	0.22865	0.25193	0.276368
26	0.237796	0.261984	0.287373
27	0.246942	0.272036	0.298371
28	0.256088	0.282085	0.309363
29	0.265234	0.29213	0.320349
30	0.27438	0.302173	0.331328
31	0.283526	0.312213	0.342301
32	0.292672	0.32225	0.353267
33	0.301818	0.332283	0.364225
34	0.310964	0.342313	0.375177
35	0.32011	0.352339	0.38612
36	0.329256	0.362362	0.397056
37	0.338402	0.372381	0.407984
38	0.347548	0.382397	0.418904
39	0.356694	0.392409	0.429816
40	0.36584	0.402417	0.440719
41	0.374986	0.41242	0.451613
42	0.384132	0.42242	0.462498
43	0.393278	0.432416	0.473374
44	0.402424	0.442407	0.484241
45	0.41157	0.452394	0.495099
46	0.420716	0.462376	0.505947
47	0.429862	0.472354	0.516785
48	0.439008	0.482327	0.527612
49	0.448154	0.492296	0.53843
50	0.4573	0.50226	0.549238
51	0.466446	0.512219	0.560034
52	0.475592	0.522173	0.570821
53	0.484738	0.532122	0.581596
54	0.493884	0.542066	0.59236
55	0.50303	0.552005	0.603113
56	0.512176	0.561938	0.613855
57	0.521322	0.571866	0.624585
58	0.530467	0.581789	0.635303
59	0.539613	0.591706	0.64601
60	0.548759	0.601618	0.656705
61	0.557905	0.611524	0.667387
62	0.567051	0.621425	0.678057
63	0.576197	0.631319	0.688715
64	0.585343	0.641208	0.69936
65	0.594489	0.651091	0.709993
66	0.603635	0.660968	0.720613
67	0.612781	0.670839	0.731219
68	0.621927	0.680704	0.741813
69	0.631073	0.690562	0.752394
70	0.640219	0.700415	0.762961
71	0.649365	0.710261	0.773514
72	0.658511	0.720101	0.784054
73	0.667657	0.729934	0.79458
74	0.676803	0.739761	0.805093
75	0.685949	0.749582	0.815591
76	0.695095	0.759395	0.826075
77	0.704241	0.769202	0.836546
78	0.713387	0.779003	0.847002
79	0.722533	0.788797	0.857443
80	0.731679	0.798584	0.86787
81	0.740825	0.808364	0.878283
82	0.749971	0.818137	0.88868
83	0.759117	0.827903	0.899063
84	0.768263	0.837662	0.909431
85	0.777409	0.847415	0.919784
86	0.786555	0.85716	0.930122
87	0.795701	0.866898	0.940445
88	0.804847	0.876628	0.950753
89	0.813993	0.886352	0.961045
90	0.823139	0.896068	0.971323
91	0.832285	0.905777	0.981584
92	0.841431	0.915479	0.99183
93	0.850577	0.925173	1.00206
94	0.859723	0.93486	1.01228
95	0.868869	0.944539	1.02247
96	0.878015	0.954211	1.03266
97	0.887161	0.963875	1.04283
98	0.896307	0.973532	1.05298
99	0.905453	0.983181	1.06311
100	0.914599	0.992823	1.07323
101	0.923745	1.00246	1.08334
102	0.932891	1.01208	1.09342
103	0.942037	1.0217	1.10349
104	0.951183	1.03131	1.11355
105	0.960329	1.04092	1.12359
106	0.969475	1.05051	1.13361
107	0.978621	1.0601	1.14362
108	0.987767	1.06968	1.15361
109	0.996913	1.07925	1.16358
110	1.00606	1.08881	1.17354
111	1.01521	1.09837	1.18348
112	1.02435	1.10792	1.1934
113	1.0335	1.11746	1.20331
114	1.04264	1.12699	1.2132
115	1.05179	1.13651	1.22307
116	1.06093	1.14603	1.23293
117	1.07008	1.15554	1.24277
118	1.07923	1.16504	1.2526
119	1.08837	1.17453	1.26241
120	1.09752	1.18401	1.2722
121	1.10666	1.19349	1.28197
122	1.11581	1.20296	1.29173
123	1.12496	1.21242	1.30147
124	1.1341	1.22187	1.3112
125	1.14325	1.23131	1.32091
126	1.15239	1.24075	1.3306
127	1.16154	1.25018	1.34027
128	1.17069	1.25959	1.34993
129	1.17983	1.26901	1.35957
130	1.18898	1.27841	1.3692
131	1.19812	1.2878	1.37881
132	1.20727	1.29719	1.3884
133	1.21642	1.30657	1.39797
134	1.22556	1.31594	1.40753
135	1.23471	1.3253	1.41707
136	1.24385	1.33466	1.4266
137	1.253	1.344	1.43611
138	1.26215	1.35334	1.4456
139	1.27129	1.36267	1.45508
140	1.28044	1.37199	1.46454
141	1.28958	1.38131	1.47398
142	1.29873	1.39061	1.48341
143	1.30788	1.39991	1.49282
144	1.31702	1.4092	1.50221
145	1.32617	1.41848	1.51159
146	1.33531	1.42775	1.52095
147	1.34446	1.43702	1.5303
148	1.35361	1.44628	1.53963
149	1.36275	1.45553	1.54894
150	1.3719	1.46477	1.55824
151	1.38104	1.474	1.56752
152	1.39019	1.48323	1.57678
153	1.39934	1.49244	1.58603
154	1.40848	1.50165	1.59526
155	1.41763	1.51085	1.60448
156	1.42677	1.52005	1.61368
157	1.43592	1.52923	1.62286
158	1.44507	1.53841	1.63203
159	1.45421	1.54758	1.64119
160	1.46336	1.55674	1.65033
161	1.4725	1.5659	1.65945
162	1.48165	1.57504	1.66855
163	1.4908	1.58418	1.67765
164	1.49994	1.59331	1.68672
165	1.50909	1.60244	1.69578
166	1.51823	1.61155	1.70483
167	1.52738	1.62066	1.71386
168	1.53653	1.62976	1.72287
169	1.54567	1.63885	1.73187
170	1.55482	1.64793	1.74085
171	1.56396	1.65701	1.74982
172	1.57311	1.66608	1.75877
173	1.58226	1.67514	1.76771
174	1.5914	1.6842	1.77664
175	1.60055	1.69324	1.78555
176	1.60969	1.70228	1.79444
177	1.61884	1.71131	1.80332
178	1.62799	1.72034	1.81219
179	1.63713	1.72935	1.82104
180	1.64628	1.73836	1.82987
181	1.65542	1.74737	1.83869
182	1.66457	1.75636	1.8475
183	1.67372	1.76535	1.85629
184	1.68286	1.77433	1.86507
185	1.69201	1.7833	1.87384
186	1.70115	1.79227	1.88259
187	1.7103	1.80123	1.89133
188	1.71945	1.81018	1.90005
189	1.72859	1.81912	1.90876
190	1.73774	1.82806	1.91745
191	1.74688	1.83699	1.92613
192	1.75603	1.84591	1.9348
193	1.76518	1.85483	1.94346
194	1.77432	1.86374	1.9521
195	1.78347	1.87264	1.96072
196	1.79261	1.88154	1.96934
197	1.80176	1.89042	1.97794
198	1.81091	1.89931	1.98653
199	1.82005	1.90818	1.9951
200	1.8292	1.91705	2.00366
201	1.83834	1.92591	2.01221
202	1.84749	1.93477	2.02075
203	1.85664	1.94361	2.02927
204	1.86578	1.95246	2.03778
205	1.87493	1.96129	2.04628
206	1.88407	1.97012	2.05476
207	1.89322	1.97894	2.06324
208	1.90237	1.98776	2.0717
209	1.91151	1.99657	2.08014
210	1.92066	2.00537	2.08858
211	1.9298	2.01417	2.097
212	1.93895	2.02296	2.10542
213	1.9481	2.03174	2.11382
214	1.95724	2.04052	2.1222
215	1.96639	2.04929	2.13058
216	1.97553	2.05806	2.13895
217	1.98468	2.06682	2.1473
218	1.99383	2.07557	2.15564
219	2.00297	2.08432	2.16397
220	2.01212	2.09306	2.17229
221	2.02126	2.1018	2.1806
222	2.03041	2.11053	2.18889
223	2.03956	2.11925	2.19718
224	2.0487	2.12797	2.20545
225	2.05785	2.13668	2.21372
226	2.06699	2.14539	2.22197
227	2.07614	2.15409	2.23021
228	2.08529	2.16279	2.23845
229	2.09443	2.17148	2.24667
230	2.10358	2.18016	2.25488
231	2.11272	2.18884	2.26308
232	2.12187	2.19751	2.27127
233	2.13102	2.20618	2.27945
234	2.14016	2.21485	2.28762
235	2.14931	2.2235	2.29578
236	2.15845	2.23216	2.30393
237	2.1676	2.2408	2.31207
238	2.17675	2.24945	2.3202
239	2.18589	2.25808	2.32832
240	2.19504	2.26671	2.33643
241	2.20418	2.27534	2.34453
242	2.21333	2.28396	2.35262
243	2.22248	2.29258	2.3607
244	2.23162	2.30119	2.36878
245	2.24077	2.3098	2.37684
246	2.24991	2.3184	2.3849
247	2.25906	2.327	2.39294
248	2.26821	2.33559	2.40098
249	2.27735	2.34418	2.40901
250	2.2865	2.35276	2.41703
251	2.29564	2.36134	2.42504
252	2.30479	2.36992	2.43305
253	2.31394	2.37849	2.44104
254	2.32308	2.38705	2.44903
255	2.33223	2.39561	2.45701
256	2.34137	2.40417	2.46498
257	2.35052	2.41272	2.47294
258	2.35967	2.42127	2.4809
259	2.36881	2.42981	2.48884
260	2.37796	2.43835	2.49678
261	2.3871	2.44689	2.50471
262	2.39625	2.45542	2.51264
263	2.4054	2.46395	2.52055
264	2.41454	2.47247	2.52846
265	2.42369	2.48099	2.53636
266	2.43283	2.48951	2.54426
267	2.44198	2.49802	2.55215
268	2.45113	2.50653	2.56003
269	2.46027	2.51503	2.5679
270	2.46942	2.52353	2.57577
271	2.47856	2.53203	2.58363
272	2.48771	2.54053	2.59148
273	2.49686	2.54902	2.59933
274	2.506	2.5575	2.60717
275	2.51515	2.56599	2.615
276	2.52429	2.57447	2.62283
277	2.53344	2.58294	2.63065
278	2.54259	2.59142	2.63847
279	2.55173	2.59989	2.64628
280	2.56088	2.60835	2.65408
281	2.57002	2.61682	2.66188
282	2.57917	2.62528	2.66967
283	2.58832	2.63373	2.67746
284	2.59746	2.64219	2.68524
285	2.60661	2.65064	2.69301
286	2.61575	2.65909	2.70078
287	2.6249	2.66753	2.70855
288	2.63405	2.67598	2.71631
289	2.64319	2.68442	2.72406
290	2.65234	2.69285	2.73181
291	2.66148	2.70129	2.73956
292	2.67063	2.70972	2.7473
293	2.67978	2.71815	2.75503
294	2.68892	2.72658	2.76276
295	2.69807	2.735	2.77049
296	2.70721	2.74342	2.77821
297	2.71636	2.75184	2.78593
298	2.72551	2.76026	2.79364
299	2.73465	2.76868	2.80135
300	2.7438	2.77709	2.80906
301	2.75294	2.7855	2.81676
302	2.76209	2.79391	2.82445
303	2.77124	2.80232	2.83215
304	2.78038	2.81072	2.83984
305	2.78953	2.81912	2.84752
306	2.79867	2.82753	2.85521
307	2.80782	2.83592	2.86289
308	2.81697	2.84432	2.87056
309	2.82611	2.85272	2.87823
310	2.83526	2.86111	2.8859
311	2.8444	2.8695	2.89357
312	2.85355	2.87789	2.90123
313	2.8627	2.88628	2.90889
314	2.87184	2.89467	2.91655
315	2.88099	2.90305	2.92421
316	2.89013	2.91144	2.93186
317	2.89928	2.91982	2.93951
318	2.90843	2.9282	2.94716
319	2.91757	2.93658	2.9548
320	2.92672	2.94496	2.96245
321	2.93586	2.95334	2.97009
322	2.94501	2.96172	2.97773
323	2.95416	2.97009	2.98536
324	2.9633	2.97847	2.993
325	2.97245	2.98684	3.00063
326	2.98159	2.99522	3.00826
327	2.99074	3.00359	3.01589
328	2.99989	3.01196	3.02352
329	3.00903	3.02033	3.03115
330	3.01818	3.0287	3.03877
331	3.02732	3.03707	3.0464
332	3.03647	3.04544	3.05402
333	3.04562	3.0538	3.06164
334	3.05476	3.06217	3.06927
335	3.06391	3.07054	3.07689
336	3.07305	3.0789	3.08451
337	3.0822	3.08727	3.09213
338	3.09135	3.09564	3.09974
339	3.10049	3.104	3.10736
340	3.10964	3.11237	3.11498
341	3.11878	3.12073	3.1226
342	3.12793	3.1291	3.13021
343	3.13708	3.13746	3.13783
344	3.14622	3.14583	3.14544
345	3.15537	3.15419	3.15306
346	3.16451	3.16256	3.16068
347	3.17366	3.17092	3.16829
348	3.1828	3.17929	3.17591
349	3.19195	3.18765	3.18353
350	3.2011	3.19602	3.19115
351	3.21024	3.20438	3.19877
352	3.21939	3.21275	3.20639
353	3.22853	3.22112	3.21401
354	3.23768	3.22948	3.22163
355	3.24683	3.23785	3.22925
356	3.25597	3.24622	3.23687
357	3.26512	3.25459	3.2445
358	3.27426	3.26296	3.25212
359	3.28341	3.27133	3.25975
360	3.29256	3.2797	3.26738
361	3.3017	3.28807	3.27501
362	3.31085	3.29644	3.28264
363	3.31999	3.30482	3.29027
364	3.32914	3.31319	3.29791
365	3.33829	3.32157	3.30555
366	3.34743	3.32995	3.31319
367	3.35658	3.33832	3.32083
368	3.36572	3.3467	3.32847
369	3.37487	3.35508	3.33611
370	3.38402	3.36346	3.34376
371	3.39316	3.37185	3.35141
372	3.40231	3.38023	3.35907
373	3.41145	3.38862	3.36672
374	3.4206	3.39701	3.37438
375	3.42975	3.40539	3.38204
376	3.43889	3.41378	3.3897
377	3.44804	3.42218	3.39737
378	3.45718	3.43057	3.40504
379	3.46633	3.43897	3.41271
380	3.47548	3.44736	3.42039
381	3.48462	3.45576	3.42807
382	3.49377	3.46416	3.43575
383	3.50291	3.47257	3.44344
384	3.51206	3.48097	3.45112
385	3.52121	3.48938	3.45882
386	3.53035	3.49779	3.46652
387	3.5395	3.5062	3.47422
388	3.54864	3.51461	3.48192
389	3.55779	3.52302	3.48963
390	3.56694	3.53144	3.49734
391	3.57608	3.53986	3.50506
392	3.58523	3.54828	3.51278
393	3.59437	3.55671	3.52051
394	3.60352	3.56514	3.52824
395	3.61267	3.57357	3.53598
396	3.62181	3.582	3.54372
397	3.63096	3.59043	3.55146
398	3.6401	3.59887	3.55921
399	3.64925	3.60731	3.56697
400	3.6584	3.61575	3.57473
401	3.66754	3.6242	3.58249
402	3.67669	3.63265	3.59026
403	3.68583	3.6411	3.59804
404	3.69498	3.64955	3.60582
405	3.70413	3.65801	3.6136
406	3.71327	3.66647	3.6214
407	3.72242	3.67494	3.6292
408	3.73156	3.6834	3.637
409	3.74071	3.69187	3.64481
410	3.74986	3.70035	3.65262
411	3.759	3.70882	3.66045
412	3.76815	3.7173	3.66827
413	3.77729	3.72579	3.67611
414	3.78644	3.73427	3.68395
415	3.79559	3.74276	3.6918
416	3.80473	3.75126	3.69965
417	3.81388	3.75975	3.70751
418	3.82302	3.76825	3.71538
419	3.83217	3.77676	3.72325
420	3.84132	3.78527	3.73113
421	3.85046	3.79378	3.73902
422	3.85961	3.8023	3.74691
423	3.86875	3.81081	3.75481
424	3.8779	3.81934	3.76272
425	3.88705	3.82787	3.77064
426	3.89619	3.8364	3.77856
427	3.90534	3.84493	3.78649
428	3.91448	3.85347	3.79443
429	3.92363	3.86202	3.80238
430	3.93278	3.87057	3.81034
431	3.94192	3.87912	3.8183
432	3.95107	3.88768	3.82627
433	3.96021	3.89624	3.83425
434	3.96936	3.9048	3.84223
435	3.97851	3.91337	3.85023
436	3.98765	3.92195	3.85823
437	3.9968	3.93053	3.86625
438	4.00594	3.93911	3.87427
439	4.01509	3.9477	3.8823
440	4.02424	3.95629	3.89033
441	4.03338	3.96489	3.89838
442	4.04253	3.97349	3.90644
443	4.05167	3.9821	3.9145
444	4.06082	3.99071	3.92257
445	4.06997	3.99933	3.93066
446	4.07911	4.00795	3.93875
447	4.08826	4.01658	3.94685
448	4.0974	4.02521	3.95496
449	4.10655	4.03384	3.96308
450	4.1157	4.04249	3.97121
451	4.12484	4.05113	3.97935
452	4.13399	4.05979	3.9875
453	4.14313	4.06844	3.99566
454	4.15228	4.07711	4.00383
455	4.16143	4.08578	4.01201
456	4.17057	4.09445	4.0202
457	4.17972	4.10313	4.0284
458	4.18886	4.11181	4.03661
459	4.19801	4.1205	4.04483
460	4.20716	4.1292	4.05307
461	4.2163	4.1379	4.06131
462	4.22545	4.14661	4.06956
463	4.23459	4.15532	4.07783
464	4.24374	4.16404	4.0861
465	4.25289	4.17276	4.09439
466	4.26203	4.18149	4.10268
467	4.27118	4.19023	4.11099
468	4.28032	4.19897	4.11931
469	4.28947	4.20772	4.12764
470	4.29862	4.21647	4.13598
471	4.30776	4.22523	4.14434
472	4.31691	4.234	4.1527
473	4.32605	4.24277	4.16108
474	4.3352	4.25155	4.16946
475	4.34435	4.26033	4.17787
476	4.35349	4.26912	4.18628
477	4.36264	4.27792	4.1947
478	4.37178	4.28672	4.20314
479	4.38093	4.29553	4.21159
480	4.39008	4.30435	4.22005
481	4.39922	4.31317	4.22852
482	4.40837	4.322	4.23701
483	4.41751	4.33084	4.2455
484	4.42666	4.33968	4.25401
485	4.43581	4.34853	4.26254
486	4.44495	4.35738	4.27107
487	4.4541	4.36624	4.27962
488	4.46324	4.37511	4.28818
489	4.47239	4.38399	4.29676
490	4.48154	4.39287	4.30535
491	4.49068	4.40176	4.31395
492	4.49983	4.41065	4.32256
493	4.50897	4.41956	4.33119
494	4.51812	4.42847	4.33983
495	4.52727	4.43738	4.34848
496	4.53641	4.4463	4.35715
497	4.54556	4.45523	4.36583
498	4.5547	4.46417	4.37453
499	4.56385	4.47312	4.38324
500	4.573	4.48207	4.39196
501	4.58214	4.49103	4.4007
502	4.59129	4.49999	4.40945
503	4.60043	4.50897	4.41821
504	4.60958	4.51795	4.42699
505	4.61873	4.52693	4.43578
506	4.62787	4.53593	4.44459
507	4.63702	4.54493	4.45341
508	4.64616	4.55394	4.46225
509	4.65531	4.56296	4.4711
510	4.66446	4.57198	4.47997
511	4.6736	4.58101	4.48885
512	4.68275	4.59005	4.49774
513	4.69189	4.5991	4.50665
514	4.70104	4.60815	4.51557
515	4.71019	4.61721	4.52451
516	4.71933	4.62628	4.53347
517	4.72848	4.63536	4.54244
518	4.73762	4.64445	4.55142
519	4.74677	4.65354	4.56042
520	4.75592	4.66264	4.56943
521	4.76506	4.67174	4.57846
522	4.77421	4.68086	4.58751
523	4.78335	4.68998	4.59657
524	4.7925	4.69911	4.60564
525	4.80165	4.70825	4.61474
526	4.81079	4.7174	4.62384
527	4.81994	4.72655	4.63297
528	4.82908	4.73572	4.6421
529	4.83823	4.74488	4.65126
530	4.84738	4.75406	4.66043
531	4.85652	4.76325	4.66961
532	4.86567	4.77244	4.67881
533	4.87481	4.78164	4.68803
534	4.88396	4.79085	4.69726
535	4.89311	4.80007	4.70651
536	4.90225	4.8093	4.71578
537	4.9114	4.81853	4.72506
538	4.92054	4.82777	4.73435
539	4.92969	4.83702	4.74367
540	4.93884	4.84628	4.753
541	4.94798	4.85554	4.76234
542	4.95713	4.86482	4.7717
543	4.96627	4.8741	4.78108
544	4.97542	4.88339	4.79048
545	4.98457	4.89269	4.79989
546	4.99371	4.90199	4.80931
547	5.00286	4.91131	4.81876
548	5.012	4.92063	4.82822
549	5.02115	4.92996	4.83769
550	5.0303	4.9393	4.84719
551	5.03944	4.94864	4.8567
552	5.04859	4.958	4.86622
553	5.05773	4.96736	4.87576
554	5.06688	4.97673	4.88532
555	5.07603	4.98611	4.8949
556	5.08517	4.9955	4.90449
557	5.09432	5.00489	4.9141
558	5.10346	5.01429	4.92372
559	5.11261	5.0237	4.93337
560	5.12176	5.03312	4.94302
561	5.1309	5.04255	4.9527
562	5.14005	5.05199	4.96239
563	5.14919	5.06143	4.9721
564	5.15834	5.07088	4.98183
565	5.16749	5.08034	4.99157
566	5.17663	5.08981	5.00133
567	5.18578	5.09929	5.0111
568	5.19492	5.10877	5.02089
569	5.20407	5.11826	5.0307
570	5.21322	5.12776	5.04053
571	5.22236	5.13727	5.05037
572	5.23151	5.14679	5.06023
573	5.24065	5.15631	5.0701
574	5.2498	5.16584	5.07999
575	5.25895	5.17538	5.0899
576	5.26809	5.18493	5.09982
577	5.27724	5.19449	5.10976
578	5.28638	5.20405	5.11972
579	5.29553	5.21362	5.12969
580	5.30467	5.2232	5.13968
581	5.31382	5.23279	5.14969
582	5.32297	5.24239	5.15971
583	5.33211	5.25199	5.16975
584	5.34126	5.2616	5.17981
585	5.3504	5.27122	5.18988
586	5.35955	5.28084	5.19997
587	5.3687	5.29048	5.21007
588	5.37784	5.30012	5.22019
589	5.38699	5.30977	5.23033
590	5.39613	5.31943	5.24048
591	5.40528	5.32909	5.25065
592	5.41443	5.33876	5.26083
593	5.42357	5.34844	5.27103
594	5.43272	5.35813	5.28124
595	5.44186	5.36782	5.29147
596	5.45101	5.37753	5.30172
597	5.46016	5.38723	5.31198
598	5.4693	5.39695	5.32226
599	5.47845	5.40667	5.33255
600	5.48759	5.41641	5.34286
601	5.49674	5.42614	5.35318
602	5.50589	5.43589	5.36352
603	5.51503	5.44564	5.37387
604	5.52418	5.4554	5.38424
605	5.53332	5.46517	5.39463
606	5.54247	5.47494	5.40502
607	5.55162	5.48472	5.41544
608	5.56076	5.49451	5.42586
609	5.56991	5.5043	5.4363
610	5.57905	5.5141	5.44676
611	5.5882	5.52391	5.45723
612	5.59735	5.53372	5.46772
613	5.60649	5.54354	5.47821
614	5.61564	5.55337	5.48873
615	5.62478	5.5632	5.49925
616	5.63393	5.57304	5.50979
617	5.64308	5.58289	5.52035
618	5.65222	5.59274	5.53091
619	5.66137	5.6026	5.5415
620	5.67051	5.61247	5.55209
621	5.67966	5.62234	5.5627
622	5.68881	5.63221	5.57332
623	5.69795	5.6421	5.58395
624	5.7071	5.65199	5.59459
625	5.71624	5.66188	5.60525
626	5.72539	5.67178	5.61592
627	5.73454	5.68169	5.6266
628	5.74368	5.6916	5.6373
629	5.75283	5.70152	5.64801
630	5.76197	5.71144	5.65872
631	5.77112	5.72137	5.66946
632	5.78027	5.7313	5.6802
633	5.78941	5.74124	5.69095
634	5.79856	5.75118	5.70171
635	5.8077	5.76113	5.71249
636	5.81685	5.77109	5.72328
637	5.826	5.78105	5.73407
638	5.83514	5.79101	5.74488
639	5.84429	5.80098	5.7557
640	5.85343	5.81095	5.76653
641	5.86258	5.82093	5.77736
642	5.87173	5.83091	5.78821
643	5.88087	5.8409	5.79907
644	5.89002	5.85089	5.80994
645	5.89916	5.86089	5.82081
646	5.90831	5.87089	5.8317
647	5.91746	5.88089	5.84259
648	5.9266	5.8909	5.8535
649	5.93575	5.90091	5.86441
650	5.94489	5.91093	5.87533
651	5.95404	5.92094	5.88626
652	5.96319	5.93097	5.89719
653	5.97233	5.94099	5.90814
654	5.98148	5.95102	5.91909
655	5.99062	5.96106	5.93005
656	5.99977	5.97109	5.94101
657	6.00892	5.98113	5.95198
658	6.01806	5.99118	5.96296
659	6.02721	6.00122	5.97395
660	6.03635	6.01127	5.98494
661	6.0455	6.02132	5.99594
662	6.05465	6.03138	6.00694
663	6.06379	6.04143	6.01795
664	6.07294	6.05149	6.02897
665	6.08208	6.06155	6.03999
666	6.09123	6.07162	6.05102
667	6.10038	6.08168	6.06205
668	6.10952	6.09175	6.07308
669	6.11867	6.10182	6.08412
670	6.12781	6.11189	6.09516
671	6.13696	6.12197	6.10621
672	6.14611	6.13204	6.11726
673	6.15525	6.14212	6.12832
674	6.1644	6.1522	6.13938
675	6.17354	6.16228	6.15044
676	6.18269	6.17236	6.1615
677	6.19184	6.18244	6.17257
678	6.20098	6.19253	6.18363
679	6.21013	6.20261	6.1947
680	6.21927	6.2127	6.20578
681	6.22842	6.22278	6.21685
682	6.23757	6.23287	6.22793
683	6.24671	6.24296	6.239
684	6.25586	6.25304	6.25008
685	6.265	6.26313	6.26116
686	6.27415	6.27322	6.27224
686.987	6.28318	6.28318	6.28317
